ocufedy: 31388.30253579705
imyfiby: 700888.2689728639
asih: 288527.1425348822
ocufedy: 27446.529093188055
